((("file_file_name" .
   [1 0 0 0 0 0 0 0 0 1 0 0 0 0])
  ("pwd" .
   [2 0 0])
  ("Ulysses" .
   [0 0 0 1 0 0 0])
  ("name:" .
   [1 0 0 0 0])
  ("new" .
   [1 0 0])
  ("Book" .
   [1 0 0 0])
  ("book" .
   [2 0 0 0])
  ("books" .
   [1 0 0 0 0])
  ("it" .
   [1 0])
  ("be" .
   [1 0])
  ("crisp" .
   [2 0 0 0 0])
  ("dash-at-point-docset" .
   [0 0 0 0 1 0 0 0 0 0 0 0 0 0 0 0 0 0 0 0])
  ("com" .
   [1 0 0])
  ("e" .
   [2])
  ("nimai" .
   [1 0 0 0 0])
  (":nickname" .
   [0 0 0 0 0 0 0 0 1])
  ("match" .
   [2 0 0 0 0])
  ("your" .
   [1 0 0 0])
  ("Sorry" .
   [1 0 0 0 0])
  ("Close" .
   [1 0 0 0 0])
  ("&times" .
   [1 0 0 0 0 0])
  ("=>" .
   [4 0])
  ("type" .
   [1 0 0 0])
  ("close" .
   [1 0 0 0 0])
  ("%button" .
   [1 0 0 0 0 0 0])
  ("role" .
   [1 0 0 0])
  ("flash_class" .
   [1 0 0 0 0 0 0 0 0 0 0])
  ("title" .
   [2 0 0 0 0])
  ("%div" .
   [1 0 0 0])
  ("placeholder" .
   [1 0 0 0 0 0 0 0 0 0 0])
  ("text_field" .
   [1 0 0 0 0 0 0 0 0 0])
  ("first_name" .
   [2 0 0 0 0 0 0 0 0 0])
  ("label" .
   [1 0 0 0 0])
  ("form-group" .
   [2 0 0 0 0 0 0 0 0 0])
  ("error" .
   [2 0 0 0 0])
  ("%p" .
   [1 0])
  ("|error|" .
   [1 0 0 0 0 0 0])
  ("full_messages" .
   [1 0 0 0 0 0 0 0 0 0 0 0 0])
  ("text-box" .
   [1 0 0 0 0 0 0 0])
  ("bg-danger" .
   [2 0 0 0 0 0 0 0 0])
  ("errors" .
   [2 0 0 0 0 2])
  ("|f|" .
   [1 0 0])
  ("user" .
   [3 0 0 0])
  ("form_for" .
   [1 0 0 0 0 0 0 0])
  ("=" .
   [6])
  ("f" .
   [5])
  ("questions/" .
   [0 0 0 0 0 0 0 0 0 2])
  ("way" .
   [1 0 0])
  ("-" .
   [3])
  ("Welcome" .
   [1 0 0 0 0 0 0])
  ("lead" .
   [1 0 0 0])
  ("col-xs-12" .
   [2 0 0 0 0 0 0 0 0])
  ("col-md-offset-3" .
   [1 0 0 0 0 0 0 0 0 0 0 0 0 0 0])
  ("col-md-6" .
   [1 0 0 0 0 0 0 0])
  ("row" .
   [2 0 0])
  ("nimms" .
   [1 0 0 0 0])
  ("nimms-color" .
   [0 0 0 0 0 1 1 0 0 0 0])
  ("helm-projectile" .
   [0 0 0 0 0 0 0 0 0 1 0 0 0 0 0])
  ("helm-for-files" .
   [0 0 0 0 0 0 0 0 1 0 0 0 0 0])
  ("isearch" .
   [0 0 0 0 0 0 1])
  ("isearch-forward" .
   [0 0 0 0 1 0 0 0 0 0 0 0 0 0 0])
  ("global-set-key" .
   [0 0 0 0 0 0 0 0 0 0 0 0 0 2])
  ("a" .
   [5])
  ("/" .
   [3])
  ("roles" .
   [1 0 0 0 0])
  ("resource" .
   [0 0 0 0 1 0 0 0])
  ("after_sign_in_path_for" .
   [0 0 0 0 0 0 0 0 0 0 0 0 0 0 0 0 0 0 0 0 0 1])
  ("def" .
   [1 0 0])
  ("short_rego" .
   [0 0 0 0 0 0 0 0 1 0])
  ("nyan-start-animation" .
   [0 0 1 0 0 0 0 0 0 0 0 0 0 0 0 0 0 0 0 0])
  ("use-home" .
   [1 0 0 0 0 0 0 1])
  ("concat" .
   [1 0 0 0 0 0])
  ("auto-complete-mode" .
   [0 0 0 0 0 0 0 0 1 0 0 0 0 0 0 0 0 0])
  ("add-hook" .
   [1 0 0 0 0 0 1 0])
  ("puppet" .
   [1 0 0 0 0 0])
  ("eval-after-load" .
   [0 0 0 0 0 0 0 0 0 0 1 0 0 0 0])
  ("t" .
   [5])
  ("tramp-chunksize" .
   [0 0 0 0 0 0 0 0 1 0 0 0 0 0 0])
  ("setq" .
   [7 0 0 1])
  ("redmine" .
   [1 0 0 0 0 0 0])
  ("set" .
   [1 0 0])
  ("cwd" .
   [2 0 0])
  ("passenger_install" .
   [0 0 0 0 1 0 0 0 0 0 0 0 0 0 0 0 0])
  (":" .
   [3])
  ("source" .
   [1 0 0 0 0 0])
  ("font_content" .
   [0 0 0 0 1 0 0 0 0 0 0 0])
  ("file" .
   [3 0 0 0])
  ("mapserver_packages" .
   [0 0 0 0 0 0 0 0 0 0 0 0 0 1 0 0 0 0])
  ("sdx::params" .
   [0 0 0 0 0 0 0 1 0 0 0])
  ("print" .
   [1 0 0 0 0])
  ("prin" .
   [0 0 0 1])
  ("system-type" .
   [0 0 0 1 0 0 0 0 0 0 0])
  ("symbol-name" .
   [0 0 0 0 1 0 0 0 0 0 0])
  ("each" .
   [2 0 0 0])
  ("snapshot_dates" .
   [0 0 0 0 0 1 0 1 0 0 0 0 0 0])
  ("parse" .
   [1 0 0 0 0])
  ("snap_arr" .
   [0 0 0 0 2 0 0 0])
  ("scan" .
   [1 0 0 0])
  ("12" .
   [1 0])
  ("data" .
   [1 0 0 0])
  ("grep" .
   [1 0 0 0])
  ("return" .
   [2 0 0 0 0 0])
  ("list_snapshots" .
   [0 0 0 0 0 0 0 1 0 0 1 0 0 0])
  ("snapshot" .
   [0 0 0 0 0 0 0 2])
  ("puts" .
   [18 0 0 0])
  ("command" .
   [4 0 0 0 0 0 1])
  ("join" .
   [2 0 0 0])
  ("require" .
   [7 0 1 2 0 0 0])
  ("hasstatus" .
   [0 0 0 1 0 0 0 0 0])
  ("running" .
   [0 0 0 1 0 0 0])
  ("service" .
   [1 0 0 0 0 0 0])
  ("installed" .
   [1 0 0 0 0 2 0 0 0])
  ("ensure" .
   [1 0 1 2 1 0])
  ("package" .
   [6 0 0 0 0 1 0])
  ("exec" .
   [8 0 0 0])
  ("PORT" .
   [1 0 0 0])
  ("HDNAME" .
   [1 0 0 1 0 0])
  ("echo" .
   [7 0 0 0])
  ("ISOPATH" .
   [0 0 0 1 0 0 0])
  ("HDSIZE" .
   [1 0 1 0 0 1])
  ("VBOXNAME" .
   [0 0 2 2 4 0 0 0])
  ("!/bin/sh" .
   [0 0 1 0 0 0 0 0])
  ("back" .
   [1 0 0 0])
  ("after" .
   [3 0 0 0 0])
  ("head" .
   [1 0 0 0])
  ("can" .
   [1 0 0])
  ("anaesethesia" .
   [0 0 0 1 0 0 0 0 0 0 0 0])
  ("given" .
   [0 0 0 0 1])
  ("you" .
   [1 0 0])
  ("with" .
   [3 1 0 0])
  ("cancer" .
   [1 0 0 0 0 0])
  ("healing" .
   [1 0 0 0 0 0 0])
  ("wound" .
   [1 0 0 0 0])
  ("Drugs" .
   [3 0 0 0 0])
  ("and" .
   [9 0 0])
  ("bleeding" .
   [3 0 0 0 0 1 0 0])
  ("**" .
   [6 0])
  ("any" .
   [2 0 0])
  ("problems" .
   [0 0 0 1 0 0 0 0])
  ("Associated" .
   [0 0 0 0 0 0 0 0 0 1])
  ("Substance" .
   [1 0 0 0 0 0 0 0 0])
  ("alcohol" .
   [1 0 0 0 0 0 0])
  ("use" .
   [4 0 0])
  ("injuries" .
   [2 0 0 0 0 0 0 0])
  ("History" .
   [0 0 0 0 0 0 1])
  ("hypertension" .
   [0 0 0 0 0 0 1 0 0 0 0 0])
  ("hypert" .
   [0 0 0 0 0 1])
  ("over" .
   [1 0 0 0])
  ("fall" .
   [1 0 0 0])
  ("loss" .
   [2 0 0 0])
  ("sensation" .
   [0 0 0 0 0 0 0 0 1])
  ("Injury" .
   [0 0 0 0 0 2])
  ("of" .
   [14 0])
  ("medical" .
   [1 0 0 0 0 0 0])
  ("affect" .
   [2 0 0 0 0 0])
  ("may" .
   [4 0 0])
  ("that" .
   [6 0 0 0])
  ("conditions" .
   [1 0 0 0 0 0 0 0 0 1])
  ("to" .
   [7 0])
  ("blood" .
   [1 0 0 0 0])
  ("fermentation" .
   [0 0 0 0 0 1 0 0 0 0 0 0])
  ("do" .
   [12 0])
  ("in" .
   [1 0])
  ("the" .
   [7 0 0])
  ("produces" .
   [1 0 0 0 0 0 0 0])
  ("ATP" .
   [2 0 0])
  ("glycolysis" .
   [0 0 0 0 1 0 0 0 0 0])
  ("cycle" .
   [2 0 0 0 0])
  ("krebs" .
   [2 0 0 0 0])
  ("is" .
   [6 0])
  ("$" .
   [1])
  ("html" .
   [1 0 0 0])
  ("initYoutubePlayer" .
   [0 0 0 0 1 0 0 0 0 0 0 0 0 0 0 0 0])
  ("playerInitialized" .
   [0 0 0 0 0 0 0 1 0 0 0 0 0 0 0 0 1])
  ("removeYoutubePlayer" .
   [0 0 0 0 0 0 1 0 0 0 0 0 0 0 0 0 0 0 0])
  ("swfobject" .
   [0 0 0 0 1 0 0 0 0])
  ("ve" .
   [1 0])
  ("attachEventListenerToMaker" .
   [0 0 0 0 0 0 0 0 0 1 0 0 0 0 0 0 0 0 0 0 0 0 0 0 0 0])
  ("function" .
   [1 0 0 0 0 0 0 1])
  ("videoId" .
   [0 0 0 0 1 0 0])
  ("cueVideo" .
   [0 0 0 1 1 0 0 0])
  ("else" .
   [4 0 0 0])
  ("true" .
   [6 0 0 0])
  ("playerCreated" .
   [0 0 0 0 0 0 0 1 0 0 0 0 0])
  ("bp" .
   [1 0])
  ("markers" .
   [2 0 0 0 0 0 0])
  ("push" .
   [1 0 0 0])
  ("venues" .
   [1 0 0 0 0 0])
  ("for" .
   [4 0 0])
  ("length" .
   [2 0 0 0 0 0])
  ("selectedMapMarkerImg" .
   [0 0 0 1 0 0 0 0 0 0 0 0 0 0 0 0 0 0 0 0])
  ("icon" .
   [2 0 0 0])
  ("null" .
   [1 0 0 0])
  ("typeof" .
   [1 0 0 0 2 0])
  ("lastMarker" .
   [0 0 0 1 1 0 0 0 0 2])
  ("mapMarkerImg" .
   [0 0 0 0 0 2 0 0 0 0 0 0])
  ("link" .
   [1 0 0 0])
  ("index" .
   [2 0 0 0 0])
  ("markerArray" .
   [0 0 0 0 0 0 1 1 0 0 0])
  ("var" .
   [9 0 0])
  ("video" .
   [0 0 0 0 2])
  ("name" .
   [1 0 0 0])
  ("event" .
   [1 0 0 0 2])
  ("marker" .
   [2 0 0 0 0 2])
  ("log" .
   [1 0 0])
  ("id" .
   [1 0])
  ("events" .
   [3 0 0 1 2 0])
  ("fff" .
   [4 0 0])
  ("days" .
   [1 0 0 0])
  ("years" .
   [1 0 0 0 0])
  ("end_date" .
   [3 0 0 0 0 0 0 0])
  ("en" .
   [4 0])
  ("today" .
   [2 0 0 0 0])
  ("date" .
   [3 0 0 0])
  ("start_date" .
   [0 0 0 0 0 0 1 0 0 0])
  ("development" .
   [0 0 0 0 0 0 0 0 0 0 1])
  ("if" .
   [12 0])
  ("centre-lane" .
   [1 0 0 0 0 0 0 0 0 0 0])
  ("content" .
   [3 0 0 0 0 0 1])
  ("venue" .
   [8 0 0 1 2])
  ("14px" .
   [1 0 0 0])
  ("loadVideoById" .
   [1 0 0 0 0 0 0 0 0 0 0 0 0])
  ("loadVideo" .
   [0 0 0 0 1 0 0 0 0])
  ("string" .
   [1 0 0 0 0 0])
  ("video_id" .
   [0 0 2 2 2 0 1 0])
  ("add_column" .
   [0 0 0 0 0 1 0 0 0 0])
  ("video_url" .
   [0 0 0 0 0 0 1 0 0])
  ("remove_column" .
   [0 0 0 0 0 0 0 0 1 0 0 0 0])
  ("input" .
   [0 0 0 1 0])
  ("css" .
   [1 0 0])
  ("%br" .
   [1 0 0])
  ("amount" .
   [1 0 0 0 0 0])
  ("vaginal" .
   [2 0 0 0 0 1 0])
  ("not" .
   [3 0 0])
  ("menstr" .
   [0 0 0 0 0 1])
  ("menstrual" .
   [2 0 0 0 1 0 0 0 0])
  ("cycles" .
   [0 0 0 1 0 0])
  ("pain" .
   [1 0 0 0])
  ("respond" .
   [0 0 0 0 1 0 0])
  ("their" .
   [2 0 0 0 0])
  ("symptoms" .
   [0 0 0 0 0 0 0 1])
  ("are" .
   [1 0 0])
  ("ask" .
   [1 0 0])
  ("***" .
   [3 0 0])
  ("pelvic" .
   [1 0 0 0 0 0])
  ("inflammatory" .
   [0 0 0 0 1 0 0 0 0 0 0 0])
  ("disease" .
   [1 0 0 0 1 0 0])
  ("dermatological" .
   [0 0 0 0 1 0 0 0 0 0 0 0 0 0])
  ("discharge" .
   [0 0 0 1 0 0 1 0 0])
  ("normal" .
   [1 0 0 0 0 0])
  ("per" .
   [1 0 0])
  ("colour" .
   [1 0 0 0 0 0])
  ("does" .
   [1 0 0 0])
  ("odour" .
   [2 0 0 0 0])
  ("time" .
   [1 0 0 0])
  ("pruritus" .
   [1 0 0 0 0 0 0 0])
  ("sexual" .
   [0 0 0 0 0 1])
  ("white" .
   [1 0 0 0 0])
  ("|---------------------------+--------------------------+---------------------------|" .
   [0 0 0 0 0 0 0 0 0 0 0 0 0 0 1 0 0 0 0 0 0 0 0 0 0 0 0 0 0 0 0 0 0 0 0 0 0 0 0 0 0 0 0 0 0 0 0 0 0 0 0 0 0 0 0 0 0 0 0 0 0 0 0 0 0 0 0 0 0 0 0 0 0 0 0 0 0 0 0 0 0 0 0 0])
  ("hyper" .
   [1 0 0 0 0])
  ("include" .
   [2 0 0 3 3 1 0])
  ("sdx::tilecache" .
   [0 0 0 0 0 0 0 0 1 0 0 0 0 0])
  ("sdx::database" .
   [0 0 0 0 0 0 0 0 0 1 0 0 0])
  ("vbox_install_str" .
   [0 0 0 1 0 0 0 0 0 0 0 0 0 0 0 0])
  ("mode" .
   [2 0 0 0])
  ("creates" .
   [1 0 0 0 0 0 0])
  ("sdx::apache" .
   [0 0 0 0 0 0 0 1 1 0 0])
  ("sdx::memcache" .
   [1 0 0 0 0 0 0 0 0 0 0 0 0])
  ("sdx::rails" .
   [1 0 0 0 0 0 0 0 0 0])
  ("rvm_user_install_flag" .
   [0 0 0 0 0 0 0 0 1 0 0 0 0 0 0 0 0 0 0 0 0])
  ("false" .
   [2 0 0 0 0])
  ("alert" .
   [1 0 0 0 0])
  ("nativeWin" .
   [0 0 0 0 0 0 0 0 1])
  ("visible" .
   [0 0 0 1 0 0 0])
  ("doAuto" .
   [0 0 0 0 0 1])
  ("rvmrc_content" .
   [0 0 1 0 0 0 0 0 0 0 0 0 0])
  ("owner" .
   [0 0 0 1 0])
  ("group" .
   [2 0 0 0 0])
  ("tab-always-indent" .
   [0 0 0 0 0 0 1 0 0 0 0 0 0 0 0 0 0])
  ("complete" .
   [1 0 0 0 0 0 0 0])
  ("tar-mode" .
   [0 0 1 0 0 0 0 0])
  ("present" .
   [0 0 0 0 1 0 0])
  ("Group" .
   [0 0 1 0 0])
  ("nyan-mode" .
   [0 0 1 1 0 0 0 0 0])
  ("load" .
   [1 0 0 0])
  ("after-init-hook" .
   [0 0 0 0 0 1 0 0 0 0 0 0 0 0 0])
  ("tickets" .
   [1 0 0 0 0 0 0])
  ("andy" .
   [1 0 0 0])
  ("lara" .
   [1 0 0 0])
  ("ash" .
   [1 0 0])
  ("trent" .
   [1 0 0 0 0])
  ("sasha" .
   [1 0 0 0 0])
  ("sam" .
   [1 0 0])
  ("Find" .
   [1 0 0 0])
  ("dentistry" .
   [0 0 0 0 0 0 0 0 2])
  ("10" .
   [1 0])
  ("o" .
   [1])
  ("1" .
   [3])
  ("kbd" .
   [4 0 0])
  ("ido-next-match" .
   [0 0 0 0 0 0 0 1 0 0 0 0 0 0])
  ("local-set-key" .
   [0 0 0 0 0 0 0 0 0 0 0 0 1])
  ("ido-prev-match" .
   [0 0 0 0 0 0 0 0 1 0 0 0 0 0])
  ("poll" .
   [2 0 0 0])
  ("Poll" .
   [1 0 0 0])
  ("find_by" .
   [1 0 0 0 0 0 0])
  ("hash_id:" .
   [1 0 0 0 0 0 0 0])
  ("params" .
   [1 0 0 0 0 0])
  (":id" .
   [1 0 0])
  ("show_header" .
   [1 0 0 0 0 0 0 0 0 0 0])
  ("question" .
   [3 0 0 0 0 0 0 0])
  ("first" .
   [1 0 0 0 0])
  ("c" .
   [8])
  ("%span" .
   [3 0 0 0 0])
  ("class" .
   [4 0 0 0 0])
  ("Q" .
   [1])
  ("<span" .
   [1 0 0 0 0])
  ("class=" .
   [1 0 0 0 0 0])
  (">Q</span>" .
   [1 0 0 0 0 0 0 0 0])
  ("text" .
   [1 0 0 0])
  ("questions" .
   [1 0 0 0 0 0 0 0 0])
  ("text-center" .
   [3 0 0 0 0 0 0 0 0 0 0])
  ("copy" .
   [1 0 0 0])
  ("%ul" .
   [1 0 0])
  ("%li" .
   [6 0 0])
  ("854" .
   [0 0 2])
  ("34" .
   [1 0])
  ("23" .
   [1 0])
  ("labels" .
   [0 0 0 0 0 1])
  ("l" .
   [1])
  ("A" .
   [1])
  ("graph-label" .
   [4 0 0 0 0 0 0 0 0 0 0])
  ("BY" .
   [0 1])
  ("B" .
   [1])
  ("g" .
   [2])
  ("C" .
   [1])
  ("h" .
   [3])
  ("D" .
   [1])
  ("green-background" .
   [2 0 0 0 0 0 0 0 0 0 0 0 0 0 0 0])
  ("style" .
   [4 0 0 0 0])
  ("blue" .
   [1 0 0 0])
  ("yellow-background" .
   [1 0 0 0 0 0 0 0 0 0 0 0 0 0 0 0 0])
  ("red-background" .
   [1 0 0 0 0 0 0 0 0 0 0 0 0 0])
  ("gem" .
   [1 0 0])
  ("byebug" .
   [3 0 0 1 0 0])
  ("ruby-mode" .
   [0 0 0 0 1 0 0 0 0])
  ("treat" .
   [1 0 0 0 0])
  ("d" .
   [1])
  ("txt" .
   [3 0 0])
  ("File" .
   [2 0 0 0])
  ("line" .
   [2 0 0 0])
  ("sep" .
   [2 0 0])
  ("each_line" .
   [1 0 0 0 0 0 0 0 0])
  ("?" .
   [2])
  ("sentence" .
   [1 0 0 0 0 0 0 0])
  ("scanf" .
   [1 0 0 0 0])
  ("r" .
   [2])
  ("end" .
   [13 0 0])
  ("sent_sep" .
   [1 0 0 0 0 0 0 0])
  ("curr_sent" .
   [4 0 2 0 1 0 0 0 0])
  ("sentence_count" .
   [5 0 0 1 3 0 0 0 0 0 0 0 0 0])
  ("close-rectangle" .
   [0 0 0 0 0 1 0 0 0 0 0 0 0 0 0])
  ("0" .
   [4])
  ("rb" .
   [1 0])
  ("non_crispy_" .
   [0 0 0 0 0 0 0 0 0 0 1])
  ("non_crispy_words" .
   [0 0 0 0 0 0 0 0 0 0 0 0 0 0 0 1])
  ("non_crispy_sentence_count" .
   [0 0 0 3 3 0 0 0 0 0 0 0 0 0 0 0 0 0 0 0 0 0 0 0 0])
  ("Total" .
   [1 0 0 0 0])
  ("number" .
   [1 0 0 0 0 0])
  ("crispiness_index" .
   [0 0 0 0 0 4 0 0 0 0 0 0 0 0 0 0])
  ("fdiv" .
   [1 0 0 0])
  ("s" .
   [4])
  ("Crispiness" .
   [0 0 0 0 0 0 0 0 0 1])))
